0.000000	1.000000	
0.142660	2.000000	
0.201720	3.000000	
0.260770	4.000000	
0.311510	5.000000	
0.328150	6.000000	
0.370570	7.000000	
0.387210	8.000000	
0.421310	9.000000	
0.446270	4.500000	
0.556060	4.722000	
0.598480	4.934000	
0.615120	5.137000	
0.657540	5.331000	
0.674180	5.519000	
0.708270	5.700000	
0.724910	5.876000	
0.759010	6.046000	
0.775650	6.211000	
0.809750	6.372000	
0.826390	6.529000	
0.843030	6.682000	
0.868800	6.832000	
0.885440	6.978000	
0.902080	7.122000	
0.927860	7.262000	
0.944500	7.400000	
0.961140	7.535000	
0.978600	7.668000	
0.995240	7.798000	
1.011880	7.926000	
1.029340	8.052000	
1.045980	8.177000	
1.062620	8.299000	
1.080070	8.419000	
1.096710	8.538000	
1.113350	8.655000	
1.129990	8.771000	
1.146630	8.885000	
1.163270	8.997000	
1.179910	9.108000	
1.196550	9.218000	
1.213190	9.327000	
1.229830	9.434000	
1.246470	9.540000	
1.271430	4.770000	
1.337990	4.980000	
1.372090	5.180000	
1.388730	5.373000	
1.431150	5.560000	
1.447790	5.739000	
1.481890	5.914000	
1.498530	6.083000	
1.532620	6.247000	
1.549260	6.407000	
1.565900	6.563000	
1.591680	6.716000	
1.608320	6.865000	
1.624960	7.010000	
1.650740	7.153000	
1.667380	7.293000	
1.684020	7.430000	
1.701480	7.564000	
1.718120	7.697000	
1.734760	7.827000	
1.752210	7.954000	
1.768850	8.080000	
1.785490	8.204000	
1.802950	8.326000	
1.819590	8.446000	
1.836230	8.564000	
1.852870	8.681000	
1.869510	8.796000	
1.886150	8.910000	
1.902790	9.022000	
1.919430	9.133000	
1.936070	9.242000	
1.952710	9.351000	
1.969350	9.458000	
1.994310	4.729000	
2.060870	4.940000	
2.094970	5.143000	
2.111610	5.337000	
2.154030	5.524000	
2.170670	5.706000	
2.204760	5.881000	
2.221400	6.051000	
2.255500	6.216000	
2.272140	6.377000	
2.288780	6.534000	
2.314560	6.687000	
2.331200	6.836000	
2.347840	6.983000	
2.373620	7.126000	
2.390260	7.266000	
2.406900	7.404000	
2.432670	7.539000	
2.449310	7.672000	
2.465950	7.802000	
2.483410	7.930000	
2.500050	8.056000	
2.516690	8.180000	
2.534150	8.303000	
2.550790	8.423000	
2.567430	8.542000	
2.584070	8.659000	
2.600710	8.774000	
2.617350	8.888000	
2.633990	9.001000	
2.650630	9.112000	
2.667270	9.222000	
2.683910	9.330000	
2.700550	9.437000	
2.725510	4.719000	
2.792070	4.931000	
2.826170	5.133000	
2.842810	5.328000	
2.885220	5.516000	
2.901860	5.697000	
2.935960	5.873000	
2.952600	6.043000	
2.986700	6.208000	
3.003340	6.369000	
3.019980	6.526000	
3.045760	6.680000	
3.062400	6.829000	
3.079040	6.976000	
3.104810	7.119000	
3.121450	7.260000	
3.138090	7.397000	
3.163870	7.533000	
3.180510	7.665000	
3.197150	7.796000	
3.214610	7.924000	
3.231250	8.050000	
3.247890	8.174000	
3.265350	8.297000	
3.281990	8.417000	
3.298630	8.536000	
3.315270	8.653000	
3.331910	8.769000	
3.348550	8.883000	
3.365190	8.995000	
3.381830	9.107000	
3.398470	9.216000	
3.415110	9.325000	
3.431750	9.432000	
3.448390	9.538000	
3.473350	4.769000	
3.539910	4.979000	
3.574000	5.180000	
3.590640	5.373000	
3.633060	5.559000	
3.649700	5.739000	
3.683800	5.913000	
3.700440	6.082000	
3.734540	6.247000	
3.751180	6.407000	
3.767820	6.563000	
3.793590	6.715000	
3.810230	6.864000	
3.826870	7.010000	
3.852650	7.152000	
3.869290	7.292000	
3.885930	7.429000	
3.903390	7.564000	
3.920030	7.696000	
3.936670	7.826000	
3.954130	7.954000	
3.970770	8.080000	
3.987410	8.203000	
4.004860	8.325000	
4.021500	8.445000	
4.038140	8.564000	
4.054780	8.681000	
4.071420	8.796000	
4.088060	8.909000	
4.104700	9.022000	
4.121340	9.132000	
4.137980	9.242000	
4.154620	9.350000	
4.171260	9.457000	
4.196220	4.729000	
4.262780	4.940000	
4.296880	5.142000	
4.313520	5.337000	
4.355940	5.524000	
4.372580	5.705000	
4.406670	5.881000	
4.423310	6.051000	
4.457410	6.216000	
4.474050	6.377000	
4.490690	6.534000	
4.516470	6.687000	
4.533110	6.836000	
4.549750	6.983000	
4.575530	7.126000	
4.592170	7.266000	
4.608810	7.404000	
4.634580	7.539000	
4.651220	7.671000	
4.667860	7.802000	
4.685320	7.930000	
4.701960	8.056000	
4.718600	8.180000	
4.736060	8.302000	
4.752700	8.423000	
4.769340	8.542000	
4.785980	8.659000	
4.802620	8.774000	
4.819260	8.888000	
4.835900	9.001000	
4.852540	9.112000	
4.869180	9.221000	
4.885820	9.330000	
4.902460	9.437000	
4.927420	4.719000	
4.993980	4.930000	
5.028080	5.133000	
5.044720	5.328000	
5.087130	5.516000	
5.103770	5.697000	
5.137870	5.873000	
5.154510	6.043000	
5.188610	6.208000	
5.205250	6.369000	
5.221890	6.526000	
5.247670	6.680000	
5.264310	6.829000	
5.280950	6.976000	
5.306720	7.119000	
5.323360	7.260000	
5.340000	7.397000	
5.365780	7.533000	
5.382420	7.665000	
5.399060	7.796000	
5.416520	7.924000	
5.433160	8.050000	
5.449800	8.174000	
5.467260	8.297000	
5.483900	8.417000	
5.500540	8.536000	
5.517180	8.653000	
5.533820	8.769000	
5.550460	8.883000	
5.567100	8.995000	
5.583740	9.107000	
5.600380	9.216000	
5.617020	9.325000	
5.633660	9.432000	
5.650300	9.538000	
5.675260	4.769000	
5.741820	4.979000	
5.775910	5.180000	
5.792550	5.373000	
5.834970	5.559000	
5.851610	5.739000	
5.885710	5.913000	
5.902350	6.082000	
5.936450	6.247000	
5.953090	6.407000	
5.969730	6.563000	
5.995500	6.715000	
6.012140	6.864000	
6.028780	7.010000	
6.054560	7.152000	
6.071200	7.292000	
6.087840	7.429000	
6.105300	7.564000	
6.121940	7.696000	
6.138580	7.826000	
6.156040	7.954000	
6.172680	8.080000	
6.189320	8.203000	
6.206770	8.325000	
6.223410	8.445000	
6.240050	8.564000	
6.256690	8.681000	
6.273330	8.796000	
6.289970	8.909000	
6.306610	9.022000	
6.323250	9.132000	
6.339890	9.242000	
6.356530	9.350000	
6.373170	9.457000	
6.398130	4.729000	
6.464690	4.940000	
6.498790	5.142000	
6.515430	5.337000	
6.557850	5.524000	
6.574490	5.705000	
6.608590	5.881000	
6.625230	6.051000	
6.659320	6.216000	
6.675960	6.377000	
6.692600	6.534000	
6.718380	6.687000	
6.735020	6.836000	
6.751660	6.983000	
6.777440	7.126000	
6.794080	7.266000	
6.810720	7.404000	
6.836500	7.539000	
6.853140	7.671000	
6.869780	7.802000	
6.887230	7.930000	
6.903870	8.056000	
6.920510	8.180000	
6.937970	8.302000	
6.954610	8.423000	
6.971250	8.542000	
6.987890	8.659000	
7.004530	8.774000	
7.021170	8.888000	
7.037810	9.001000	
7.054450	9.112000	
7.071090	9.221000	
7.087730	9.330000	
7.104370	9.437000	
7.129330	4.719000	
7.195890	4.930000	
7.229990	5.133000	
7.246630	5.328000	
7.289050	5.516000	
7.305690	5.697000	
7.339780	5.873000	
7.356420	6.043000	
7.390520	6.208000	
7.407160	6.369000	
7.423800	6.526000	
7.449580	6.680000	
7.466220	6.829000	
7.482860	6.976000	
7.508640	7.119000	
7.525280	7.260000	
7.541920	7.397000	
7.567690	7.533000	
7.584330	7.665000	
7.600970	7.796000	
7.618430	7.924000	
7.635070	8.050000	
7.651710	8.174000	
7.669170	8.297000	
7.685810	8.417000	
7.702450	8.536000	
7.719090	8.653000	
7.735730	8.769000	
7.752370	8.883000	
7.769010	8.995000	
7.785650	9.107000	
7.802290	9.216000	
7.818930	9.325000	
7.835570	9.432000	
7.852210	9.538000	
7.877170	4.769000	
7.943730	4.979000	
7.977820	5.180000	
7.994460	5.373000	
8.036880	5.559000	
8.053520	5.739000	
8.087620	5.913000	
8.104260	6.082000	
8.138360	6.247000	
8.155000	6.407000	
8.171640	6.563000	
8.197410	6.715000	
8.214050	6.864000	
8.230690	7.010000	
8.256470	7.152000	
8.273110	7.292000	
8.289750	7.429000	
8.307210	7.564000	
8.323850	7.696000	
8.340490	7.826000	
8.357950	7.954000	
8.374590	8.080000	
8.391230	8.203000	
8.408680	8.325000	
8.425320	8.445000	
8.441960	8.564000	
8.458600	8.681000	
8.475240	8.796000	
8.491880	8.909000	
8.508520	9.022000	
8.525160	9.132000	
8.541800	9.242000	
8.558440	9.350000	
8.575080	9.457000	
8.600040	4.729000	
8.666600	4.940000	
8.700700	5.142000	
8.717340	5.337000	
8.759760	5.524000	
8.776400	5.705000	
8.810500	5.881000	
8.827140	6.051000	
8.861230	6.216000	
8.877870	6.377000	
8.894510	6.534000	
8.920290	6.687000	
8.936930	6.836000	
8.953570	6.983000	
8.979350	7.126000	
8.995990	7.266000	
9.012630	7.404000	
9.038410	7.539000	
9.055050	7.671000	
9.071690	7.802000	
9.089140	7.930000	
9.105780	8.056000	
9.122420	8.180000	
9.139880	8.302000	
9.156520	8.423000	
9.173160	8.542000	
9.189800	8.659000	
9.206440	8.774000	
9.223080	8.888000	
9.239720	9.001000	
9.256360	9.112000	
9.273000	9.221000	
9.289640	9.330000	
9.306280	9.437000	
9.331240	4.719000	
9.397800	4.930000	
9.431900	5.133000	
9.448540	5.328000	
9.490960	5.516000	
9.507600	5.697000	
9.541690	5.873000	
9.558330	6.043000	
9.592430	6.208000	
9.609070	6.369000	
9.625710	6.526000	
9.651490	6.680000	
9.668130	6.829000	
9.684770	6.976000	
9.710550	7.119000	
9.727190	7.260000	
9.743830	7.397000	
9.769600	7.533000	
9.786240	7.665000	
9.802880	7.796000	
9.820340	7.924000	
9.836980	8.050000	
9.853620	8.174000	
9.871080	8.297000	
9.887720	8.417000	
9.904360	8.536000	
9.921000	8.653000	
9.937640	8.769000	
9.954280	8.883000	
9.970920	8.995000	
9.987560	9.107000	
10.004200	9.216000	
10.020840	9.325000	
10.037480	9.432000	
10.054120	9.538000	
10.079080	4.769000	
10.145640	4.979000	
10.179740	5.180000	
10.196380	5.373000	
10.238790	5.559000	
10.255430	5.739000	
10.289530	5.913000	
10.306170	6.082000	
10.340270	6.247000	
10.356910	6.407000	
10.373550	6.563000	
10.399330	6.715000	
10.415970	6.864000	
10.432610	7.010000	
10.458380	7.152000	
10.475020	7.292000	
10.491660	7.429000	
10.509120	7.564000	
10.525760	7.696000	
10.542400	7.826000	
10.559860	7.954000	
10.576500	8.080000	
10.593140	8.203000	
10.610600	8.325000	
10.627240	8.445000	
10.643880	8.564000	
10.660520	8.681000	
10.677160	8.796000	
10.693800	8.909000	
10.710440	9.022000	
10.727080	9.132000	
10.743720	9.242000	
10.760360	9.350000	
10.777000	9.457000	
10.801960	4.729000	
10.868520	4.940000	
10.902610	5.142000	
10.919250	5.337000	
10.961670	5.524000	
10.978310	5.705000	
11.012410	5.881000	
11.029050	6.051000	
11.063140	6.216000	
11.079780	6.377000	
11.096420	6.534000	
11.122200	6.687000	
11.138840	6.836000	
11.155480	6.983000	
11.181260	7.126000	
11.197900	7.266000	
11.214540	7.404000	
11.240320	7.539000	
11.256960	7.671000	
11.273600	7.802000	
11.291050	7.930000	
11.307690	8.056000	
11.324330	8.180000	
11.341790	8.302000	
11.358430	8.423000	
11.375070	8.542000	
11.391710	8.659000	
11.408350	8.774000	
11.424990	8.888000	
11.441630	9.001000	
11.458270	9.112000	
11.474910	9.221000	
11.491550	9.330000	
11.508190	9.437000	
11.533150	4.719000	
11.599710	4.930000	
11.633810	5.133000	
11.650450	5.328000	
11.692870	5.516000	
11.709510	5.697000	
11.743600	5.873000	
11.760240	6.043000	
11.794340	6.208000	
11.810980	6.369000	
11.827620	6.526000	
11.853400	6.680000	
11.870040	6.829000	
11.886680	6.976000	
11.912460	7.119000	
11.929100	7.260000	
11.945740	7.397000	
11.971510	7.533000	
11.988150	7.665000	
12.004790	7.796000	
12.022250	7.924000	
12.038890	8.050000	
12.055530	8.174000	
12.072990	8.297000	
12.089630	8.417000	
12.106270	8.536000	
12.122910	8.653000	
12.139550	8.769000	
12.156190	8.883000	
12.172830	8.995000	
12.189470	9.107000	
12.206110	9.216000	
12.222750	9.325000	
12.239390	9.432000	
12.256030	9.538000	
12.280990	4.769000	
12.347550	4.979000	
12.381650	5.180000	
12.398290	5.373000	
12.440700	5.559000	
12.457340	5.739000	
12.491440	5.913000	
12.508080	6.082000	
12.542180	6.247000	
12.558820	6.407000	
12.575460	6.563000	
12.601240	6.715000	
12.617880	6.864000	
12.634520	7.010000	
12.660290	7.152000	
12.676930	7.292000	
12.693570	7.429000	
12.711030	7.564000	
12.727670	7.696000	
12.744310	7.826000	
12.761770	7.954000	
12.778410	8.080000	
12.795050	8.203000	
12.812510	8.325000	
12.829150	8.445000	
12.845790	8.564000	
12.862430	8.681000	
12.879070	8.796000	
12.895710	8.909000	
12.912350	9.022000	
12.928990	9.132000	
12.945630	9.242000	
12.962270	9.350000	
12.978910	9.457000	
13.003870	4.729000	
13.070430	4.940000	
13.104520	5.142000	
13.121160	5.337000	
13.163580	5.524000	
13.180220	5.705000	
13.214320	5.881000	
13.230960	6.051000	
13.265060	6.216000	
13.281700	6.377000	
13.298340	6.534000	
13.324110	6.687000	
13.340750	6.836000	
13.357390	6.983000	
13.383170	7.126000	
13.399810	7.266000	
13.416450	7.404000	
13.442230	7.539000	
13.458870	7.671000	
13.475510	7.802000	
13.492970	7.930000	
13.509610	8.056000	
13.526250	8.180000	
13.543700	8.302000	
13.560340	8.423000	
13.576980	8.542000	
13.593620	8.659000	
13.610260	8.774000	
13.626900	8.888000	
13.643540	9.001000	
13.660180	9.112000	
13.676820	9.221000	
13.693460	9.330000	
13.710100	9.437000	
13.735060	4.719000	
13.801620	4.930000	
13.835720	5.133000	
13.852360	5.328000	
13.894780	5.516000	
13.911420	5.697000	
13.945520	5.873000	
13.962160	6.043000	
13.996250	6.208000	
14.012890	6.369000	
14.029530	6.526000	
14.055310	6.680000	
14.255310	1.000000	
