0.000000	1.000000	
0.202640	2.000000	
0.213280	3.000000	
0.221600	4.000000	
0.229920	5.000000	
0.238240	6.000000	
0.246560	7.000000	
0.254880	8.000000	
0.263200	9.000000	
0.271520	10.000000	
0.279840	11.000000	
0.304800	1.000000	
0.346400	2.000000	
0.357040	3.000000	
0.373680	4.000000	
0.390320	5.000000	
0.406960	5.200000	
0.423600	5.392000	
0.440240	5.578000	
0.448560	5.757000	
0.456880	5.931000	
0.465200	6.099000	
0.490160	1.000000	
0.531760	2.000000	
0.542400	3.000000	
0.550720	3.333000	
0.559040	3.633000	
0.567360	3.909000	
0.575680	4.164000	
0.584000	4.405000	
0.592320	4.632000	
0.600640	4.847000	
0.608960	5.054000	
0.617280	5.252000	
0.625600	5.442000	
0.633920	5.626000	
0.642240	5.804000	
0.650560	5.976000	
0.658880	6.143000	
0.667200	6.306000	
0.675520	6.465000	
0.683840	6.619000	
0.692160	6.770000	
0.700480	6.918000	
0.725440	1.000000	
0.767040	2.000000	
0.777680	3.000000	
0.786000	3.333000	
0.794320	3.633000	
0.802640	3.909000	
0.810960	4.164000	
0.819280	4.405000	
0.827600	4.632000	
0.835920	4.847000	
0.844240	5.054000	
0.852560	5.252000	
0.860880	5.442000	
0.869200	5.626000	
0.877520	5.804000	
0.885840	5.976000	
0.894160	6.143000	
0.902480	6.306000	
0.910800	6.465000	
0.919120	6.619000	
0.927440	6.770000	
0.935760	6.918000	
0.960720	1.000000	
1.002320	2.000000	
1.012960	3.000000	
1.021280	3.333000	
1.029600	3.633000	
1.037920	3.909000	
1.046240	4.164000	
1.054560	4.405000	
1.062880	4.632000	
1.071200	4.847000	
1.079520	5.054000	
1.087840	5.252000	
1.096160	5.442000	
1.104480	5.626000	
1.112800	5.804000	
1.121120	5.976000	
1.129440	6.143000	
1.137760	6.306000	
1.146080	6.465000	
1.154400	6.619000	
1.162720	6.770000	
1.171040	6.918000	
1.196000	1.000000	
1.237600	2.000000	
1.248240	3.000000	
1.256560	3.333000	
1.264880	3.633000	
1.273200	3.909000	
1.281520	4.164000	
1.289840	4.405000	
1.298160	4.632000	
1.306480	4.847000	
1.314800	5.054000	
1.323120	5.252000	
1.331440	5.442000	
1.339760	5.626000	
1.348080	5.804000	
1.356400	5.976000	
1.364720	6.143000	
1.373040	6.306000	
1.381360	6.465000	
1.389680	6.619000	
1.398000	6.770000	
1.406320	6.918000	
1.431280	1.000000	
1.472880	2.000000	
1.483520	3.000000	
1.491840	3.333000	
1.500160	3.633000	
1.508480	3.909000	
1.516800	4.164000	
1.525120	4.405000	
1.533440	4.632000	
1.541760	4.847000	
1.550080	5.054000	
1.558400	5.252000	
1.566720	5.442000	
1.575040	5.626000	
1.583360	5.804000	
1.591680	5.976000	
1.600000	6.143000	
1.608320	6.306000	
1.616640	6.465000	
1.624960	6.619000	
1.633280	6.770000	
1.641600	6.918000	
1.666560	1.000000	
1.708160	2.000000	
1.718800	3.000000	
1.727120	3.333000	
1.735440	3.633000	
1.743760	3.909000	
1.752080	4.164000	
1.760400	4.405000	
1.768720	4.632000	
1.777040	4.847000	
1.785360	5.054000	
1.793680	5.252000	
1.802000	5.442000	
1.810320	5.626000	
1.818640	5.804000	
1.826960	5.976000	
1.835280	6.143000	
1.843600	6.306000	
1.851920	6.465000	
1.860240	6.619000	
1.868560	6.770000	
1.876880	6.918000	
1.901840	1.000000	
1.943440	2.000000	
1.954080	3.000000	
1.962400	3.333000	
1.970720	3.633000	
1.979040	3.909000	
1.987360	4.164000	
1.995680	4.405000	
2.004000	4.632000	
2.012320	4.847000	
2.020640	5.054000	
2.028960	5.252000	
2.037280	5.442000	
2.045600	5.626000	
2.053920	5.804000	
2.062240	5.976000	
2.070560	6.143000	
2.078880	6.306000	
2.087200	6.465000	
2.095520	6.619000	
2.103840	6.770000	
2.112160	6.918000	
2.137120	1.000000	
2.178720	2.000000	
2.189360	3.000000	
2.197680	3.333000	
2.206000	3.633000	
2.214320	3.909000	
2.222640	4.164000	
2.230960	4.405000	
2.239280	4.632000	
2.247600	4.847000	
2.255920	5.054000	
2.264240	5.252000	
2.272560	5.442000	
2.280880	5.626000	
2.289200	5.804000	
2.297520	5.976000	
2.305840	6.143000	
2.314160	6.306000	
2.322480	6.465000	
2.330800	6.619000	
2.339120	6.770000	
2.347440	6.918000	
2.372400	1.000000	
2.414000	2.000000	
2.424640	3.000000	
2.432960	3.333000	
2.441280	3.633000	
2.449600	3.909000	
2.457920	4.164000	
2.466240	4.405000	
2.474560	4.632000	
2.482880	4.847000	
2.491200	5.054000	
2.499520	5.252000	
2.507840	5.442000	
2.516160	5.626000	
2.524480	5.804000	
2.532800	5.976000	
2.541120	6.143000	
2.549440	6.306000	
2.557760	6.465000	
2.566080	6.619000	
2.574400	6.770000	
2.582720	6.918000	
2.607680	1.000000	
2.649280	2.000000	
2.659920	3.000000	
2.668240	3.333000	
2.676560	3.633000	
2.684880	3.909000	
2.693200	4.164000	
2.701520	4.405000	
2.709840	4.632000	
2.718160	4.847000	
2.726480	5.054000	
2.734800	5.252000	
2.743120	5.442000	
2.751440	5.626000	
2.759760	5.804000	
2.768080	5.976000	
2.776400	6.143000	
2.784720	6.306000	
2.793040	6.465000	
2.801360	6.619000	
2.809680	6.770000	
2.818000	6.918000	
2.842960	1.000000	
2.884560	2.000000	
2.895200	3.000000	
2.903520	3.333000	
2.911840	3.633000	
2.920160	3.909000	
2.928480	4.164000	
2.936800	4.405000	
2.945120	4.632000	
2.953440	4.847000	
2.961760	5.054000	
2.970080	5.252000	
2.978400	5.442000	
2.986720	5.626000	
2.995040	5.804000	
3.003360	5.976000	
3.011680	6.143000	
3.020000	6.306000	
3.028320	6.465000	
3.036640	6.619000	
3.044960	6.770000	
3.053280	6.918000	
3.078240	1.000000	
3.119840	2.000000	
3.130480	3.000000	
3.138800	3.333000	
3.147120	3.633000	
3.155440	3.909000	
3.163760	4.164000	
3.172080	4.405000	
3.180400	4.632000	
3.188720	4.847000	
3.197040	5.054000	
3.205360	5.252000	
3.213680	5.442000	
3.222000	5.626000	
3.230320	5.804000	
3.238640	5.976000	
3.246960	6.143000	
3.255280	6.306000	
3.263600	6.465000	
3.271920	6.619000	
3.280240	6.770000	
3.288560	6.918000	
3.313520	1.000000	
3.355120	2.000000	
3.365760	3.000000	
3.374080	3.333000	
3.382400	3.633000	
3.390720	3.909000	
3.399040	4.164000	
3.407360	4.405000	
3.415680	4.632000	
3.424000	4.847000	
3.432320	5.054000	
3.440640	5.252000	
3.448960	5.442000	
3.457280	5.626000	
3.465600	5.804000	
3.473920	5.976000	
3.482240	6.143000	
3.490560	6.306000	
3.498880	6.465000	
3.507200	6.619000	
3.515520	6.770000	
3.523840	6.918000	
3.548800	1.000000	
3.590400	2.000000	
3.601040	3.000000	
3.609360	3.333000	
3.617680	3.633000	
3.626000	3.909000	
3.634320	4.164000	
3.642640	4.405000	
3.650960	4.632000	
3.659280	4.847000	
3.667600	5.054000	
3.675920	5.252000	
3.684240	5.442000	
3.692560	5.626000	
3.700880	5.804000	
3.709200	5.976000	
3.717520	6.143000	
3.725840	6.306000	
3.734160	6.465000	
3.742480	6.619000	
3.750800	6.770000	
3.759120	6.918000	
3.784080	1.000000	
3.825680	2.000000	
3.836320	3.000000	
3.844640	3.333000	
3.852960	3.633000	
3.861280	3.909000	
3.869600	4.164000	
3.877920	4.405000	
3.886240	4.632000	
3.894560	4.847000	
3.902880	5.054000	
3.911200	5.252000	
3.919520	5.442000	
3.927840	5.626000	
3.936160	5.804000	
3.944480	5.976000	
3.952800	6.143000	
3.961120	6.306000	
3.969440	6.465000	
3.977760	6.619000	
3.986080	6.770000	
3.994400	6.918000	
4.019360	1.000000	
4.060960	2.000000	
4.071600	3.000000	
4.079920	3.333000	
4.088240	3.633000	
4.096560	3.909000	
4.104880	4.164000	
4.113200	4.405000	
4.121520	4.632000	
4.129840	4.847000	
4.138160	5.054000	
4.146480	5.252000	
4.154800	5.442000	
4.163120	5.626000	
4.171440	5.804000	
4.179760	5.976000	
4.188080	6.143000	
4.196400	6.306000	
4.204720	6.465000	
4.213040	6.619000	
4.221360	6.770000	
4.229680	6.918000	
4.254640	1.000000	
4.296240	2.000000	
4.306880	3.000000	
4.315200	3.333000	
4.323520	3.633000	
4.331840	3.909000	
4.340160	4.164000	
4.348480	4.405000	
4.356800	4.632000	
4.365120	4.847000	
4.373440	5.054000	
4.381760	5.252000	
4.390080	5.442000	
4.398400	5.626000	
4.406720	5.804000	
4.415040	5.976000	
4.423360	6.143000	
4.431680	6.306000	
4.440000	6.465000	
4.448320	6.619000	
4.456640	6.770000	
4.464960	6.918000	
4.489920	1.000000	
4.531520	2.000000	
4.542160	3.000000	
4.550480	3.333000	
4.558800	3.633000	
4.567120	3.909000	
4.575440	4.164000	
4.583760	4.405000	
4.592080	4.632000	
4.600400	4.847000	
4.608720	5.054000	
4.617040	5.252000	
4.625360	5.442000	
4.633680	5.626000	
4.642000	5.804000	
4.650320	5.976000	
4.658640	6.143000	
4.666960	6.306000	
4.675280	6.465000	
4.683600	6.619000	
4.691920	6.770000	
4.700240	6.918000	
4.725200	1.000000	
4.766800	2.000000	
4.777440	3.000000	
4.785760	3.333000	
4.794080	3.633000	
4.802400	3.909000	
4.810720	4.164000	
4.819040	4.405000	
4.827360	4.632000	
4.835680	4.847000	
4.844000	5.054000	
4.852320	5.252000	
4.860640	5.442000	
4.868960	5.626000	
4.877280	5.804000	
4.885600	5.976000	
4.893920	6.143000	
4.902240	6.306000	
4.910560	6.465000	
4.918880	6.619000	
4.927200	6.770000	
4.935520	6.918000	
4.960480	1.000000	
5.002080	2.000000	
5.012720	3.000000	
5.021040	3.333000	
5.029360	3.633000	
5.037680	3.909000	
5.046000	4.164000	
5.054320	4.405000	
5.062640	4.632000	
5.070960	4.847000	
5.079280	5.054000	
5.087600	5.252000	
5.095920	5.442000	
5.104240	5.626000	
5.112560	5.804000	
5.120880	5.976000	
5.129200	6.143000	
5.137520	6.306000	
5.145840	6.465000	
5.154160	6.619000	
5.162480	6.770000	
5.170800	6.918000	
5.195760	1.000000	
5.237360	2.000000	
5.248000	3.000000	
5.256320	3.333000	
5.264640	3.633000	
5.272960	3.909000	
5.281280	4.164000	
5.289600	4.405000	
5.297920	4.632000	
5.306240	4.847000	
5.314560	5.054000	
5.322880	5.252000	
5.331200	5.442000	
5.339520	5.626000	
5.347840	5.804000	
5.356160	5.976000	
5.364480	6.143000	
5.372800	6.306000	
5.381120	6.465000	
5.389440	6.619000	
5.397760	6.770000	
5.406080	6.918000	
5.431040	1.000000	
5.472640	2.000000	
5.483280	3.000000	
5.491600	3.333000	
5.499920	3.633000	
5.508240	3.909000	
5.516560	4.164000	
5.524880	4.405000	
5.533200	4.632000	
5.541520	4.847000	
5.549840	5.054000	
5.558160	5.252000	
5.566480	5.442000	
5.574800	5.626000	
5.583120	5.804000	
5.591440	5.976000	
5.599760	6.143000	
5.608080	6.306000	
5.616400	6.465000	
5.624720	6.619000	
5.633040	6.770000	
5.641360	6.918000	
5.666320	1.000000	
5.707920	2.000000	
5.718560	3.000000	
5.726880	3.333000	
5.735200	3.633000	
5.743520	3.909000	
5.751840	4.164000	
5.760160	4.405000	
5.768480	4.632000	
5.776800	4.847000	
5.785120	5.054000	
5.793440	5.252000	
5.801760	5.442000	
5.810080	5.626000	
5.818400	5.804000	
5.826720	5.976000	
5.835040	6.143000	
5.843360	6.306000	
5.851680	6.465000	
5.860000	6.619000	
5.868320	6.770000	
5.876640	6.918000	
5.901600	1.000000	
5.943200	2.000000	
5.953840	3.000000	
5.962160	3.333000	
5.970480	3.633000	
5.978800	3.909000	
5.987120	4.164000	
5.995440	4.405000	
6.003760	4.632000	
6.012080	4.847000	
6.020400	5.054000	
6.028720	5.252000	
6.037040	5.442000	
6.045360	5.626000	
6.053680	5.804000	
6.062000	5.976000	
6.070320	6.143000	
6.078640	6.306000	
6.086960	6.465000	
6.095280	6.619000	
6.103600	6.770000	
6.111920	6.918000	
6.136880	1.000000	
6.178480	2.000000	
6.189120	3.000000	
6.197440	3.333000	
6.205760	3.633000	
6.214080	3.909000	
6.222400	4.164000	
6.230720	4.405000	
6.239040	4.632000	
6.247360	4.847000	
6.255680	5.054000	
6.264000	5.252000	
6.272320	5.442000	
6.280640	5.626000	
6.288960	5.804000	
6.297280	5.976000	
6.305600	6.143000	
6.313920	6.306000	
6.322240	6.465000	
6.330560	6.619000	
6.338880	6.770000	
6.347200	6.918000	
6.372160	1.000000	
6.413760	2.000000	
6.424400	3.000000	
6.432720	3.333000	
6.441040	3.633000	
6.449360	3.909000	
6.457680	4.164000	
6.466000	4.405000	
6.474320	4.632000	
6.482640	4.847000	
6.490960	5.054000	
6.499280	5.252000	
6.507600	5.442000	
6.515920	5.626000	
6.524240	5.804000	
6.532560	5.976000	
6.540880	6.143000	
6.549200	6.306000	
6.557520	6.465000	
6.565840	6.619000	
6.574160	6.770000	
6.582480	6.918000	
6.607440	1.000000	
6.649040	2.000000	
6.659680	3.000000	
6.668000	3.333000	
6.676320	3.633000	
6.684640	3.909000	
6.692960	4.164000	
6.701280	4.405000	
6.709600	4.632000	
6.717920	4.847000	
6.726240	5.054000	
6.734560	5.252000	
6.742880	5.442000	
6.751200	5.626000	
6.759520	5.804000	
6.767840	5.976000	
6.776160	6.143000	
6.784480	6.306000	
6.792800	6.465000	
6.801120	6.619000	
6.809440	6.770000	
6.817760	6.918000	
6.842720	1.000000	
6.884320	2.000000	
6.894960	3.000000	
6.903280	3.333000	
6.911600	3.633000	
6.919920	3.909000	
6.928240	4.164000	
6.936560	4.405000	
6.944880	4.632000	
6.953200	4.847000	
6.961520	5.054000	
6.969840	5.252000	
6.978160	5.442000	
6.986480	5.626000	
6.994800	5.804000	
7.003120	5.976000	
7.011440	6.143000	
7.019760	6.306000	
7.028080	6.465000	
7.036400	6.619000	
7.044720	6.770000	
7.053040	6.918000	
7.078000	1.000000	
7.119600	2.000000	
7.130240	3.000000	
7.138560	3.333000	
7.146880	3.633000	
7.155200	3.909000	
7.163520	4.164000	
7.171840	4.405000	
7.180160	4.632000	
7.188480	4.847000	
7.196800	5.054000	
7.205120	5.252000	
7.213440	5.442000	
7.221760	5.626000	
7.230080	5.804000	
7.238400	5.976000	
7.246720	6.143000	
7.255040	6.306000	
7.263360	6.465000	
7.271680	6.619000	
7.280000	6.770000	
7.288320	6.918000	
7.313280	1.000000	
7.354880	2.000000	
7.365520	3.000000	
7.373840	3.333000	
7.382160	3.633000	
7.390480	3.909000	
7.398800	4.164000	
7.407120	4.405000	
7.415440	4.632000	
7.423760	4.847000	
7.432080	5.054000	
7.440400	5.252000	
7.448720	5.442000	
7.457040	5.626000	
7.465360	5.804000	
7.473680	5.976000	
7.482000	6.143000	
7.490320	6.306000	
7.498640	6.465000	
7.506960	6.619000	
7.515280	6.770000	
7.523600	6.918000	
7.548560	1.000000	
7.590160	2.000000	
7.600800	3.000000	
7.609120	3.333000	
7.617440	3.633000	
7.625760	3.909000	
7.634080	4.164000	
7.642400	4.405000	
7.650720	4.632000	
7.659040	4.847000	
7.667360	5.054000	
7.675680	5.252000	
7.684000	5.442000	
7.692320	5.626000	
7.700640	5.804000	
7.708960	5.976000	
7.717280	6.143000	
7.725600	6.306000	
7.733920	6.465000	
7.742240	6.619000	
7.750560	6.770000	
7.758880	6.918000	
7.783840	1.000000	
7.825440	2.000000	
7.836080	3.000000	
7.844400	3.333000	
7.852720	3.633000	
7.861040	3.909000	
7.869360	4.164000	
7.877680	4.405000	
7.886000	4.632000	
7.894320	4.847000	
7.902640	5.054000	
7.910960	5.252000	
7.919280	5.442000	
7.927600	5.626000	
7.935920	5.804000	
7.944240	5.976000	
7.952560	6.143000	
7.960880	6.306000	
7.969200	6.465000	
7.977520	6.619000	
7.985840	6.770000	
7.994160	6.918000	
8.019120	1.000000	
8.060720	2.000000	
8.071360	3.000000	
8.079680	3.333000	
8.088000	3.633000	
8.096320	3.909000	
8.104640	4.164000	
8.112960	4.405000	
8.121280	4.632000	
8.129600	4.847000	
8.137920	5.054000	
8.146240	5.252000	
8.154560	5.442000	
8.162880	5.626000	
8.171200	5.804000	
8.179520	5.976000	
8.187840	6.143000	
8.196160	6.306000	
8.204480	6.465000	
8.212800	6.619000	
8.221120	6.770000	
8.229440	6.918000	
8.254400	1.000000	
8.296000	2.000000	
8.306640	3.000000	
8.314960	3.333000	
8.323280	3.633000	
8.331600	3.909000	
8.339920	4.164000	
8.348240	4.405000	
8.356560	4.632000	
8.364880	4.847000	
8.373200	5.054000	
8.381520	5.252000	
8.389840	5.442000	
8.398160	5.626000	
8.406480	5.804000	
8.414800	5.976000	
8.423120	6.143000	
8.431440	6.306000	
8.439760	6.465000	
8.448080	6.619000	
8.456400	6.770000	
8.464720	6.918000	
8.489680	1.000000	
8.531280	2.000000	
8.541920	3.000000	
8.550240	3.333000	
8.558560	3.633000	
8.566880	3.909000	
8.575200	4.164000	
8.583520	4.405000	
8.591840	4.632000	
8.600160	4.847000	
8.608480	5.054000	
8.616800	5.252000	
8.625120	5.442000	
8.633440	5.626000	
8.641760	5.804000	
8.650080	5.976000	
8.658400	6.143000	
8.666720	6.306000	
8.675040	6.465000	
8.683360	6.619000	
8.691680	6.770000	
8.700000	6.918000	
8.724960	1.000000	
8.766560	2.000000	
8.777200	3.000000	
8.785520	3.333000	
8.793840	3.633000	
8.802160	3.909000	
8.810480	4.164000	
8.818800	4.405000	
8.827120	4.632000	
8.835440	4.847000	
8.843760	5.054000	
8.852080	5.252000	
8.860400	5.442000	
8.868720	5.626000	
8.877040	5.804000	
8.885360	5.976000	
8.893680	6.143000	
8.902000	6.306000	
8.910320	6.465000	
8.918640	6.619000	
8.926960	6.770000	
8.935280	6.918000	
8.960240	1.000000	
9.001840	2.000000	
9.012480	3.000000	
9.020800	3.333000	
9.029120	3.633000	
9.037440	3.909000	
9.045760	4.164000	
9.054080	4.405000	
9.062400	4.632000	
9.070720	4.847000	
9.079040	5.054000	
9.087360	5.252000	
9.095680	5.442000	
9.104000	5.626000	
9.112320	5.804000	
9.120640	5.976000	
9.128960	6.143000	
9.137280	6.306000	
9.145600	6.465000	
9.153920	6.619000	
9.162240	6.770000	
9.170560	6.918000	
9.195520	1.000000	
9.237120	2.000000	
9.247760	3.000000	
9.256080	3.333000	
9.264400	3.633000	
9.272720	3.909000	
9.281040	4.164000	
9.289360	4.405000	
9.297680	4.632000	
9.306000	4.847000	
9.314320	5.054000	
9.322640	5.252000	
9.330960	5.442000	
9.339280	5.626000	
9.347600	5.804000	
9.355920	5.976000	
9.364240	6.143000	
9.372560	6.306000	
9.380880	6.465000	
9.389200	6.619000	
9.397520	6.770000	
9.405840	6.918000	
9.430800	1.000000	
9.472400	2.000000	
9.483040	3.000000	
9.491360	3.333000	
9.499680	3.633000	
9.508000	3.909000	
9.516320	4.164000	
9.524640	4.405000	
9.532960	4.632000	
9.541280	4.847000	
9.549600	5.054000	
9.557920	5.252000	
9.566240	5.442000	
9.574560	5.626000	
9.582880	5.804000	
9.591200	5.976000	
9.599520	6.143000	
9.607840	6.306000	
9.616160	6.465000	
9.624480	6.619000	
9.632800	6.770000	
9.641120	6.918000	
9.666080	1.000000	
9.707680	2.000000	
9.718320	3.000000	
9.726640	3.333000	
9.734960	3.633000	
9.743280	3.909000	
9.751600	4.164000	
9.759920	4.405000	
9.768240	4.632000	
9.776560	4.847000	
9.784880	5.054000	
9.793200	5.252000	
9.801520	5.442000	
9.809840	5.626000	
9.818160	5.804000	
9.826480	5.976000	
9.834800	6.143000	
9.843120	6.306000	
9.851440	6.465000	
9.859760	6.619000	
9.868080	6.770000	
9.876400	6.918000	
9.901360	1.000000	
9.942960	2.000000	
9.953600	3.000000	
9.961920	3.333000	
9.970240	3.633000	
9.978560	3.909000	
9.986880	4.164000	
9.995200	4.405000	
10.003520	4.632000	
10.011840	4.847000	
10.020160	5.054000	
10.028480	5.252000	
10.036800	5.442000	
10.045120	5.626000	
10.053440	5.804000	
10.061760	5.976000	
10.070080	6.143000	
10.078400	6.306000	
10.086720	6.465000	
10.095040	6.619000	
10.103360	6.770000	
10.111680	6.918000	
10.136640	1.000000	
10.178240	2.000000	
10.188880	3.000000	
10.197200	3.333000	
10.205520	3.633000	
10.213840	3.909000	
10.222160	4.164000	
10.230480	4.405000	
10.238800	4.632000	
10.247120	4.847000	
10.255440	5.054000	
10.263760	5.252000	
10.272080	5.442000	
10.280400	5.626000	
10.288720	5.804000	
10.297040	5.976000	
10.305360	6.143000	
10.313680	6.306000	
10.322000	6.465000	
10.330320	6.619000	
10.338640	6.770000	
10.346960	6.918000	
10.371920	1.000000	
10.413520	2.000000	
10.424160	3.000000	
10.432480	3.333000	
10.440800	3.633000	
10.449120	3.909000	
10.457440	4.164000	
10.465760	4.405000	
10.474080	4.632000	
10.482400	4.847000	
10.490720	5.054000	
10.499040	5.252000	
10.507360	5.442000	
10.515680	5.626000	
10.524000	5.804000	
10.532320	5.976000	
10.540640	6.143000	
10.548960	6.306000	
10.557280	6.465000	
10.565600	6.619000	
10.573920	6.770000	
10.582240	6.918000	
10.607200	1.000000	
10.648800	2.000000	
10.659440	3.000000	
10.667760	3.333000	
10.676080	3.633000	
10.684400	3.909000	
10.692720	4.164000	
10.701040	4.405000	
10.709360	4.632000	
10.717680	4.847000	
10.726000	5.054000	
10.734320	5.252000	
10.742640	5.442000	
10.750960	5.626000	
10.759280	5.804000	
10.767600	5.976000	
10.775920	6.143000	
10.784240	6.306000	
10.792560	6.465000	
10.800880	6.619000	
10.809200	6.770000	
10.817520	6.918000	
10.842480	1.000000	
10.884080	2.000000	
10.894720	3.000000	
10.903040	3.333000	
10.911360	3.633000	
10.919680	3.909000	
10.928000	4.164000	
10.936320	4.405000	
10.944640	4.632000	
10.952960	4.847000	
10.961280	5.054000	
10.969600	5.252000	
10.977920	5.442000	
10.986240	5.626000	
10.994560	5.804000	
11.002880	5.976000	
11.011200	6.143000	
11.019520	6.306000	
11.027840	6.465000	
11.036160	6.619000	
11.044480	6.770000	
11.052800	6.918000	
11.077760	1.000000	
11.119360	2.000000	
11.130000	3.000000	
11.138320	3.333000	
11.146640	3.633000	
11.154960	3.909000	
11.163280	4.164000	
11.171600	4.405000	
11.179920	4.632000	
11.188240	4.847000	
11.196560	5.054000	
11.204880	5.252000	
11.213200	5.442000	
11.221520	5.626000	
11.229840	5.804000	
11.238160	5.976000	
11.246480	6.143000	
11.254800	6.306000	
11.263120	6.465000	
11.271440	6.619000	
11.279760	6.770000	
11.288080	6.918000	
11.313040	1.000000	
11.354640	2.000000	
11.365280	3.000000	
11.373600	3.333000	
11.381920	3.633000	
11.390240	3.909000	
11.398560	4.164000	
11.406880	4.405000	
11.415200	4.632000	
11.423520	4.847000	
11.431840	5.054000	
11.440160	5.252000	
11.448480	5.442000	
11.456800	5.626000	
11.465120	5.804000	
11.473440	5.976000	
11.481760	6.143000	
11.490080	6.306000	
11.498400	6.465000	
11.506720	6.619000	
11.515040	6.770000	
11.523360	6.918000	
11.548320	1.000000	
11.589920	2.000000	
11.600560	3.000000	
11.608880	3.333000	
11.617200	3.633000	
11.625520	3.909000	
11.633840	4.164000	
11.642160	4.405000	
11.650480	4.632000	
11.658800	4.847000	
11.667120	5.054000	
11.675440	5.252000	
11.683760	5.442000	
11.692080	5.626000	
11.700400	5.804000	
11.708720	5.976000	
11.717040	6.143000	
11.725360	6.306000	
11.733680	6.465000	
11.742000	6.619000	
11.750320	6.770000	
11.758640	6.918000	
11.783600	1.000000	
11.825200	2.000000	
11.835840	3.000000	
11.844160	3.333000	
11.852480	3.633000	
11.860800	3.909000	
11.869120	4.164000	
11.877440	4.405000	
11.885760	4.632000	
11.894080	4.847000	
11.902400	5.054000	
11.910720	5.252000	
11.919040	5.442000	
11.927360	5.626000	
11.935680	5.804000	
11.944000	5.976000	
11.952320	6.143000	
11.960640	6.306000	
11.968960	6.465000	
11.977280	6.619000	
11.985600	6.770000	
11.993920	6.918000	
12.018880	1.000000	
12.060480	2.000000	
12.071120	3.000000	
12.079440	3.333000	
12.087760	3.633000	
12.096080	3.909000	
12.104400	4.164000	
12.112720	4.405000	
12.121040	4.632000	
12.129360	4.847000	
12.137680	5.054000	
12.146000	5.252000	
12.154320	5.442000	
12.162640	5.626000	
12.170960	5.804000	
12.179280	5.976000	
12.187600	6.143000	
12.195920	6.306000	
12.204240	6.465000	
12.212560	6.619000	
12.220880	6.770000	
12.229200	6.918000	
12.254160	1.000000	
12.295760	2.000000	
12.306400	3.000000	
12.314720	3.333000	
12.323040	3.633000	
12.331360	3.909000	
12.339680	4.164000	
12.348000	4.405000	
12.356320	4.632000	
12.364640	4.847000	
12.372960	5.054000	
12.381280	5.252000	
12.389600	5.442000	
12.397920	5.626000	
12.406240	5.804000	
12.414560	5.976000	
12.422880	6.143000	
12.431200	6.306000	
12.439520	6.465000	
12.447840	6.619000	
12.456160	6.770000	
12.464480	6.918000	
12.489440	1.000000	
12.531040	2.000000	
12.541680	3.000000	
12.550000	3.333000	
12.558320	3.633000	
12.566640	3.909000	
12.574960	4.164000	
12.583280	4.405000	
12.591600	4.632000	
12.599920	4.847000	
12.608240	5.054000	
12.616560	5.252000	
12.624880	5.442000	
12.633200	5.626000	
12.641520	5.804000	
12.649840	5.976000	
12.658160	6.143000	
12.666480	6.306000	
12.674800	6.465000	
12.683120	6.619000	
12.691440	6.770000	
12.699760	6.918000	
12.724720	1.000000	
12.766320	2.000000	
12.776960	3.000000	
12.785280	3.333000	
12.793600	3.633000	
12.801920	3.909000	
12.810240	4.164000	
12.818560	4.405000	
12.826880	4.632000	
12.835200	4.847000	
12.843520	5.054000	
12.851840	5.252000	
12.860160	5.442000	
12.868480	5.626000	
12.876800	5.804000	
12.885120	5.976000	
12.893440	6.143000	
12.901760	6.306000	
12.910080	6.465000	
12.918400	6.619000	
12.926720	6.770000	
12.935040	6.918000	
12.960000	1.000000	
13.001600	2.000000	
13.012240	3.000000	
13.020560	3.333000	
13.028880	3.633000	
13.037200	3.909000	
13.045520	4.164000	
13.053840	4.405000	
13.062160	4.632000	
13.070480	4.847000	
13.078800	5.054000	
13.087120	5.252000	
13.095440	5.442000	
13.103760	5.626000	
13.112080	5.804000	
13.120400	5.976000	
13.128720	6.143000	
13.137040	6.306000	
13.145360	6.465000	
13.153680	6.619000	
13.162000	6.770000	
13.170320	6.918000	
13.195280	1.000000	
13.236880	2.000000	
13.247520	3.000000	
13.255840	3.333000	
13.264160	3.633000	
13.272480	3.909000	
13.280800	4.164000	
13.289120	4.405000	
13.297440	4.632000	
13.305760	4.847000	
13.314080	5.054000	
13.322400	5.252000	
13.330720	5.442000	
13.339040	5.626000	
13.347360	5.804000	
13.355680	5.976000	
13.364000	6.143000	
13.372320	6.306000	
13.380640	6.465000	
13.388960	6.619000	
13.397280	6.770000	
13.405600	6.918000	
13.430560	1.000000	
13.472160	2.000000	
13.482800	3.000000	
13.491120	3.333000	
13.499440	3.633000	
13.507760	3.909000	
13.516080	4.164000	
13.524400	4.405000	
13.532720	4.632000	
13.541040	4.847000	
13.549360	5.054000	
13.557680	5.252000	
13.566000	5.442000	
13.574320	5.626000	
13.582640	5.804000	
13.590960	5.976000	
13.599280	6.143000	
13.607600	6.306000	
13.615920	6.465000	
13.624240	6.619000	
13.632560	6.770000	
13.640880	6.918000	
13.665840	1.000000	
13.707440	2.000000	
13.718080	3.000000	
13.726400	3.333000	
13.734720	3.633000	
13.743040	3.909000	
13.751360	4.164000	
13.759680	4.405000	
13.768000	4.632000	
13.776320	4.847000	
13.784640	5.054000	
13.792960	5.252000	
13.801280	5.442000	
13.809600	5.626000	
13.817920	5.804000	
13.826240	5.976000	
13.834560	6.143000	
13.842880	6.306000	
13.851200	6.465000	
13.859520	6.619000	
13.867840	6.770000	
13.876160	6.918000	
13.901120	1.000000	
13.942720	2.000000	
13.953360	3.000000	
13.961680	3.333000	
13.970000	3.633000	
13.978320	3.909000	
13.986640	4.164000	
13.994960	4.405000	
14.003280	4.632000	
14.011600	4.847000	
14.019920	5.054000	
14.028240	5.252000	
14.036560	5.442000	
14.044880	5.626000	
14.053200	5.804000	
14.061520	5.976000	
14.069840	6.143000	
14.078160	6.306000	
14.086480	6.465000	
14.094800	6.619000	
14.103120	6.770000	
14.111440	6.918000	
14.136400	1.000000	
14.178000	2.000000	
14.188640	3.000000	
14.196960	3.333000	
14.205280	3.633000	
14.213600	3.909000	
14.221920	4.164000	
14.230240	4.405000	
14.238560	4.632000	
14.246880	4.847000	
14.255200	5.054000	
14.263520	5.252000	
14.271840	5.442000	
14.280160	5.626000	
14.288480	5.804000	
14.296800	5.976000	
14.305120	6.143000	
14.313440	6.306000	
14.321760	6.465000	
14.330080	6.619000	
14.338400	6.770000	
14.346720	6.918000	
14.371680	1.000000	
14.413280	2.000000	
14.423920	3.000000	
14.432240	3.333000	
14.440560	3.633000	
14.448880	3.909000	
14.457200	4.164000	
14.465520	4.405000	
14.473840	4.632000	
14.482160	4.847000	
14.490480	5.054000	
14.498800	5.252000	
14.507120	5.442000	
14.515440	5.626000	
14.523760	5.804000	
14.532080	5.976000	
14.540400	6.143000	
14.548720	6.306000	
14.557040	6.465000	
14.565360	6.619000	
14.573680	6.770000	
14.582000	6.918000	
14.606960	1.000000	
14.648560	2.000000	
14.659200	3.000000	
14.667520	3.333000	
14.675840	3.633000	
14.684160	3.909000	
14.692480	4.164000	
14.700800	4.405000	
14.709120	4.632000	
14.717440	4.847000	
14.725760	5.054000	
14.734080	5.252000	
14.742400	5.442000	
14.750720	5.626000	
14.759040	5.804000	
14.767360	5.976000	
14.775680	6.143000	
14.784000	6.306000	
14.792320	6.465000	
14.800640	6.619000	
14.808960	6.770000	
14.817280	6.918000	
14.842240	1.000000	
14.883840	2.000000	
14.894480	3.000000	
14.902800	3.333000	
14.911120	3.633000	
14.919440	3.909000	
14.927760	4.164000	
14.936080	4.405000	
14.944400	4.632000	
14.952720	4.847000	
14.961040	5.054000	
14.969360	5.252000	
14.977680	5.442000	
14.986000	5.626000	
14.994320	5.804000	
15.002640	5.976000	
15.010960	6.143000	
15.019280	6.306000	
15.027600	6.465000	
15.035920	6.619000	
15.235920	1.000000	
